4294967279,61
4294967279,58
4294967279,57
4294967279,56
4294967279,55
4294967279,54
4294967279,52
4294967279,48
4294967279,47
4294967279,46
4294967279,45
4294967279,43
4294967279,42
4294967279,36
4294967279,35
4294967279,34
4294967279,32
4294967279,31
4294967279,30
4294967279,29
4294967279,26
4294967279,24
4294967279,23
4294967279,21
4294967279,19
4294967279,17
4294967279,15
4294967279,13
4294967279,12
4294967279,11
4294967279,9
4294967278,132
4294967278,131
4294967278,130
4294967278,129
4294967278,128
4294967278,127
4294967278,126
4294967278,125
4294967278,124
4294967278,123
4294967278,122
4294967278,121
4294967278,120
4294967278,119
4294967278,118
4294967278,117
4294967278,116
4294967278,115
4294967278,114
4294967278,113
4294967278,112
4294967278,111
4294967278,110
4294967278,109
4294967278,108
4294967278,107
4294967278,106
4294967278,105
4294967278,104
4294967278,103
4294967278,102
4294967278,101
4294967278,100
4294967278,99
4294967278,98
4294967278,97
4294967278,96
4294967278,95
4294967278,94
4294967278,93
4294967278,92
4294967278,91
4294967278,90
4294967278,89
4294967278,86
4294967278,83
4294967278,81
4294967278,80
4294967278,78
4294967278,77
4294967278,76
4294967278,75
4294967278,74
4294967278,72
4294967278,69
4294967278,67
4294967278,66
4294967278,65
4294967278,64
4294967278,63
4294967278,62
4294967278,61
4294967278,0
4294967278,260
4294967279,83
4294967279,79
4294967279,74
4294967279,73
4294967279,69
4294967279,64
4294967279,62
4294967279,60
4294967279,59
4294967279,53
4294967279,51
4294967279,50
4294967279,41
4294967279,39
4294967279,38
4294967279,37
4294967279,33
4294967279,28
4294967279,27
4294967279,25
4294967279,22
4294967279,18
4294967279,16
4294967279,14
4294967279,10
4294967279,8
4294967279,7
4294967279,6
4294967279,5
4294967279,4
4294967278,206
4294967278,205
4294967278,204
4294967278,203
4294967294,30
4294967294,164
4294967294,163
4294967294,99
4294967294,165
4294967294,113
4294967294,167
4294967294,83
4294967294,176
4294967278,202
4294967294,50
4294967294,175
4294967294,180
4294967294,183
4294967294,179
4294967294,12
4294967294,160
4294967294,168
4294967294,162
4294967294,104
4294967294,106
4294967294,166
4294967294,24
4294967294,189
4294967294,191
4294967294,188
4294967294,451
4294967294,443
4294967294,419
4294967294,11
4294967294,81
4294967278,87
4294967278,353
4294967294,1419
4294967294,470
4294967294,999
4294967294,1175
4294967294,5
4294967279,77
4294967278,85
4294967278,352
4294967279,542
4294967279,0
4294967278,84
4294967278,197
4294967278,323
4294967279,547
4294967278,196
4294967278,82
4294967278,322
4294967278,194
4294967279,194
4294967279,80
4294967278,79
4294967278,348
4294967279,190
81,5
4294967278,191
81,4
81,3
81,2
81,1
4294967278,190
4294967278,73
4294967294,1097
4294967278,188
4294967278,187
4294967278,351
4294967278,186
4294967294,1414
4294967294,1011
4294967294,1001
4294967294,8
4294967278,71
4294967278,317
4294967279,71
4294967279,559
4294967294,6
4294967278,70
4294967278,183
4294967278,350
4294967279,558
4294967294,89
4294967278,182
4294967278,68
4294967278,181
4294967278,368
4294967279,308
4294967278,180
4294967279,180
4294967279,179
4294967278,178
79,5
4294967278,177
79,4
79,3
79,2
79,1
4294967278,176
4294967279,175
4294967278,173
4294967278,384
4294967279,172
4294967294,1100
4294967279,171
4294967294,1422
4294967294,1421
4294967294,1420
4294967279,169
77,6
4294967294,471
4294967294,388
4294967294,115
4294967279,302
77,5
77,4
77,3
77,2
77,1
4294967279,163
4294967279,162
4294967279,49
4294967279,540
76,5
4294967279,44
76,4
4294967279,157
76,3
76,2
76,1
4294967278,272
4294967279,40
4294967279,146
75,5
75,4
75,3
75,2
75,1
4294967294,22
4294967279,287
74,5
4294967279,141
74,4
74,3
74,2
74,1
4294967294,393
4294967294,46
4294967279,133
0,7
4294967294,468
4294967294,469
4294967294,418
4294967294,1174
4294967294,1173
4294967294,29
4294967294,17
4294967294,76
4294967294,2
4294967294,1
4294967294,45
4294967294,1017
4294967294,28
4294967294,1016
4294967294,27
4294967294,0
4294967294,38
4294967294,1018
4294967294,26
4294967294,52
4294967294,85
4294967294,41
4294967294,93
4294967294,94
4294967294,95
4294967294,96
4294967279,278
4294967279,276
4294967279,527
4294967279,259
4294967279,525
0,5
4294967279,20
4294967279,269
4294967294,1415
